genuines
Range:         0.15 to 0.49
Median:        0.3
Mean:          0.3088447971781314
Variance:      0.0035829688574103686
Std. dev.:      0.05985790555482516

impostors
Range:         0.4 to 0.52
Median:        0.47
Mean:          0.46887677397022537
Variance:      0.00023381970631133016
Std. dev.:      0.015291164321637844

