genuines
Range:         0.14 to 0.48
Median:        0.29
Mean:          0.289620811287478
Variance:      0.004078780378177758
Std. dev.:      0.06386533001697993

impostors
Range:         0.33 to 0.53
Median:        0.45
Mean:          0.4467601246105914
Variance:      0.0006040411098494865
Std. dev.:      0.02457724780868449

